0 -1 -1 -1 -1 122 -1 -1 -1 -1 -1 -1 -1 84 -1 -1 -1 89 -1 -1 -1 -1 -1 -1 -1 -1 -1 -1 -1 -1 -1 -1 -1 -1 46 -1 -1 -1 -1 -1 
-1 -1 0 -1 -1 -1 -1 -1 -1 -1 -1 -1 -1 -1 -1 -1 -1 -1 -1 -1 -1 -1 -1 -1 -1 76 -1 -1 -1 -1 -1 -1 -1 -1 -1 -1 41 -1 -1 -1 -1 
-1 -1 -1 0 65 -1 -1 -1 -1 -1 -1 -1 -1 -1 -1 -1 -1 -1 -1 -1 -1 -1 -1 -1 -1 -1 32 -1 -1 -1 -1 -1 -1 -1 -1 -1 -1 -1 -1 -1 -1 
-1 -1 -1 65 0 -1 -1 -1 -1 -1 -1 -1 -1 -1 -1 -1 -1 -1 -1 -1 -1 -1 -1 -1 -1 -1 33 -1 -1 -1 -1 -1 -1 -1 -1 -1 -1 -1 -1 -1 -1 
-1 -1 -1 -1 -1 0 -1 -1 -1 -1 -1 -1 -1 -1 -1 -1 44 -1 -1 -1 -1 -1 -1 -1 -1 -1 -1 -1 -1 -1 -1 -1 -1 -1 -1 -1 -1 -1 -1 -1 -1 
-1 122 -1 -1 -1 -1 0 -1 -1 -1 -1 -1 -1 -1 38 -1 -1 -1 119 -1 -1 -1 -1 -1 -1 -1 -1 -1 -1 -1 -1 -1 -1 -1 -1 76 -1 -1 -1 -1 -1 
-1 -1 -1 -1 -1 -1 -1 0 -1 92 87 178 87 178 -1 -1 -1 65 -1 105 97 118 80 202 -1 -1 -1 110 65 153 -1 149 -1 80 -1 -1 -1 -1 -1 88 37 
-1 -1 -1 -1 -1 -1 -1 -1 0 -1 -1 -1 -1 -1 -1 -1 -1 -1 -1 -1 -1 -1 -1 -1 96 -1 -1 -1 -1 -1 -1 -1 58 -1 -1 -1 -1 -1 -1 -1 -1 
-1 -1 -1 -1 -1 -1 -1 92 -1 0 105 196 105 196 -1 -1 -1 83 -1 123 115 136 98 220 -1 -1 -1 128 83 171 -1 167 -1 98 -1 -1 -1 -1 -1 106 55 
-1 -1 -1 -1 -1 -1 -1 87 -1 105 0 191 100 191 -1 -1 -1 78 -1 118 110 131 93 215 -1 -1 -1 123 78 166 -1 162 -1 93 -1 -1 -1 -1 -1 101 50 
-1 -1 -1 -1 -1 -1 -1 178 -1 196 191 0 135 136 -1 -1 -1 169 -1 153 145 166 184 250 -1 -1 -1 68 113 201 -1 29 -1 184 -1 -1 -1 -1 -1 192 141 
-1 -1 -1 -1 -1 -1 -1 87 -1 105 100 135 0 135 -1 -1 -1 78 -1 62 54 75 93 159 -1 -1 -1 67 22 110 -1 106 -1 93 -1 -1 -1 -1 -1 101 50 
-1 -1 -1 -1 -1 -1 -1 178 -1 196 191 136 135 0 -1 -1 -1 169 -1 153 145 166 184 250 -1 -1 -1 68 113 201 -1 107 -1 184 -1 -1 -1 -1 -1 192 141 
-1 84 -1 -1 -1 -1 38 -1 -1 -1 -1 -1 -1 -1 0 -1 -1 -1 81 -1 -1 -1 -1 -1 -1 -1 -1 -1 -1 -1 -1 -1 -1 -1 -1 38 -1 -1 -1 -1 -1 
-1 -1 -1 -1 -1 -1 -1 -1 -1 -1 -1 -1 -1 -1 -1 0 -1 -1 -1 -1 -1 -1 -1 -1 -1 -1 -1 -1 -1 -1 77 -1 -1 -1 -1 -1 -1 33 -1 -1 -1 
-1 -1 -1 -1 -1 44 -1 -1 -1 -1 -1 -1 -1 -1 -1 -1 0 -1 -1 -1 -1 -1 -1 -1 -1 -1 -1 -1 -1 -1 -1 -1 -1 -1 -1 -1 -1 -1 -1 -1 -1 
-1 -1 -1 -1 -1 -1 -1 65 -1 83 78 169 78 169 -1 -1 -1 0 -1 96 88 109 71 193 -1 -1 -1 101 56 144 -1 140 -1 71 -1 -1 -1 -1 -1 79 28 
-1 89 -1 -1 -1 -1 119 -1 -1 -1 -1 -1 -1 -1 81 -1 -1 -1 0 -1 -1 -1 -1 -1 -1 -1 -1 -1 -1 -1 -1 -1 -1 -1 -1 43 -1 -1 -1 -1 -1 
-1 -1 -1 -1 -1 -1 -1 105 -1 123 118 153 62 153 -1 -1 -1 96 -1 0 72 93 111 97 -1 -1 -1 85 40 48 -1 124 -1 111 -1 -1 -1 -1 -1 119 68 
-1 -1 -1 -1 -1 -1 -1 97 -1 115 110 145 54 145 -1 -1 -1 88 -1 72 0 85 103 169 -1 -1 -1 77 32 120 -1 116 -1 103 -1 -1 -1 -1 -1 111 60 
-1 -1 -1 -1 -1 -1 -1 118 -1 136 131 166 75 166 -1 -1 -1 109 -1 93 85 0 124 190 -1 -1 -1 98 53 141 -1 137 -1 124 -1 -1 -1 -1 -1 132 81 
-1 -1 -1 -1 -1 -1 -1 80 -1 98 93 184 93 184 -1 -1 -1 71 -1 111 103 124 0 208 -1 -1 -1 116 71 159 -1 155 -1 86 -1 -1 -1 -1 -1 94 43 
-1 -1 -1 -1 -1 -1 -1 202 -1 220 215 250 159 250 -1 -1 -1 193 -1 97 169 190 208 0 -1 -1 -1 182 137 49 -1 221 -1 208 -1 -1 -1 -1 -1 216 165 
-1 -1 -1 -1 -1 -1 -1 -1 96 -1 -1 -1 -1 -1 -1 -1 -1 -1 -1 -1 -1 -1 -1 -1 0 -1 -1 -1 -1 -1 -1 -1 38 -1 -1 -1 -1 -1 -1 -1 -1 
-1 -1 76 -1 -1 -1 -1 -1 -1 -1 -1 -1 -1 -1 -1 -1 -1 -1 -1 -1 -1 -1 -1 -1 -1 0 -1 -1 -1 -1 -1 -1 -1 -1 -1 -1 35 -1 -1 -1 -1 
-1 -1 -1 32 33 -1 -1 -1 -1 -1 -1 -1 -1 -1 -1 -1 -1 -1 -1 -1 -1 -1 -1 -1 -1 -1 0 -1 -1 -1 -1 -1 -1 -1 -1 -1 -1 -1 -1 -1 -1 
-1 -1 -1 -1 -1 -1 -1 110 -1 128 123 68 67 68 -1 -1 -1 101 -1 85 77 98 116 182 -1 -1 -1 0 45 133 -1 39 -1 116 -1 -1 -1 -1 -1 124 73 
-1 -1 -1 -1 -1 -1 -1 65 -1 83 78 113 22 113 -1 -1 -1 56 -1 40 32 53 71 137 -1 -1 -1 45 0 88 -1 84 -1 71 -1 -1 -1 -1 -1 79 28 
-1 -1 -1 -1 -1 -1 -1 153 -1 171 166 201 110 201 -1 -1 -1 144 -1 48 120 141 159 49 -1 -1 -1 133 88 0 -1 172 -1 159 -1 -1 -1 -1 -1 167 116 
-1 -1 -1 -1 -1 -1 -1 -1 -1 -1 -1 -1 -1 -1 -1 77 -1 -1 -1 -1 -1 -1 -1 -1 -1 -1 -1 -1 -1 -1 0 -1 -1 -1 -1 -1 -1 44 -1 -1 -1 
-1 -1 -1 -1 -1 -1 -1 149 -1 167 162 29 106 107 -1 -1 -1 140 -1 124 116 137 155 221 -1 -1 -1 39 84 172 -1 0 -1 155 -1 -1 -1 -1 -1 163 112 
-1 -1 -1 -1 -1 -1 -1 -1 58 -1 -1 -1 -1 -1 -1 -1 -1 -1 -1 -1 -1 -1 -1 -1 38 -1 -1 -1 -1 -1 -1 -1 0 -1 -1 -1 -1 -1 -1 -1 -1 
-1 -1 -1 -1 -1 -1 -1 80 -1 98 93 184 93 184 -1 -1 -1 71 -1 111 103 124 86 208 -1 -1 -1 116 71 159 -1 155 -1 0 -1 -1 -1 -1 -1 94 43 
-1 -1 -1 -1 -1 -1 -1 -1 -1 -1 -1 -1 -1 -1 -1 -1 -1 -1 -1 -1 -1 -1 -1 -1 -1 -1 -1 -1 -1 -1 -1 -1 -1 -1 0 -1 -1 -1 42 -1 -1 
-1 46 -1 -1 -1 -1 76 -1 -1 -1 -1 -1 -1 -1 38 -1 -1 -1 43 -1 -1 -1 -1 -1 -1 -1 -1 -1 -1 -1 -1 -1 -1 -1 -1 0 -1 -1 -1 -1 -1 
-1 -1 41 -1 -1 -1 -1 -1 -1 -1 -1 -1 -1 -1 -1 -1 -1 -1 -1 -1 -1 -1 -1 -1 -1 35 -1 -1 -1 -1 -1 -1 -1 -1 -1 -1 0 -1 -1 -1 -1 
-1 -1 -1 -1 -1 -1 -1 -1 -1 -1 -1 -1 -1 -1 -1 33 -1 -1 -1 -1 -1 -1 -1 -1 -1 -1 -1 -1 -1 -1 44 -1 -1 -1 -1 -1 -1 0 -1 -1 -1 
-1 -1 -1 -1 -1 -1 -1 -1 -1 -1 -1 -1 -1 -1 -1 -1 -1 -1 -1 -1 -1 -1 -1 -1 -1 -1 -1 -1 -1 -1 -1 -1 -1 -1 42 -1 -1 -1 0 -1 -1 
-1 -1 -1 -1 -1 -1 -1 88 -1 106 101 192 101 192 -1 -1 -1 79 -1 119 111 132 94 216 -1 -1 -1 124 79 167 -1 163 -1 94 -1 -1 -1 -1 -1 0 51 
-1 -1 -1 -1 -1 -1 -1 37 -1 55 50 141 50 141 -1 -1 -1 28 -1 68 60 81 43 165 -1 -1 -1 73 28 116 -1 112 -1 43 -1 -1 -1 -1 -1 51 0 
