0 140 -1 96 -1 -1 -1 104 92 54 
-1 140 0 -1 128 -1 -1 -1 136 48 86 
-1 -1 -1 0 -1 75 48 94 -1 -1 -1 
-1 96 128 -1 0 -1 -1 -1 92 80 42 
-1 -1 -1 75 -1 0 27 73 -1 -1 -1 
-1 -1 -1 48 -1 27 0 46 -1 -1 -1 
-1 -1 -1 94 -1 73 46 0 -1 -1 -1 
-1 104 136 -1 92 -1 -1 -1 0 88 50 
-1 92 48 -1 80 -1 -1 -1 88 0 38 
-1 54 86 -1 42 -1 -1 -1 50 38 0 
