Floyd-Warshall time: 0.000611 seconds
Johnson Min-Priority-Heap time: 0.001367 seconds
Johnson Fibonacci-Heap time: 0.003931 seconds
--------------------FLOYD-WARSHALL--------------------
0 12 3 4 6 12 8 5 4 7 
12 0 10 8 15 17 4 9 13 9 
3 10 0 3 8 9 7 2 6 4 
4 8 3 0 7 11 4 1 5 3 
6 15 8 7 0 11 11 6 2 8 
12 17 9 11 11 0 13 10 13 8 
8 4 7 4 11 13 0 5 9 5 
5 9 2 1 6 10 5 0 4 2 
4 13 6 5 2 13 9 4 0 6 
7 9 4 3 8 8 5 2 6 0 
--------------------JOHNSON-MIN-PRIORITY-HEAP--------------------
0 12 3 4 6 12 8 5 4 7 
12 0 10 8 15 17 4 9 13 9 
3 10 0 3 8 9 7 2 6 4 
4 8 3 0 7 11 4 1 5 3 
6 15 8 7 0 11 11 6 2 8 
12 17 9 11 11 0 13 10 13 8 
8 4 7 4 11 13 0 5 9 5 
5 9 2 1 6 10 5 0 4 2 
4 13 6 5 2 13 9 4 0 6 
7 9 4 3 8 8 5 2 6 0 
--------------------JOHNSON-FIBONACCI-HEAP--------------------
0 12 3 4 6 12 8 5 4 7 
12 0 10 8 15 17 4 9 13 9 
3 10 0 3 8 9 7 2 6 4 
4 8 3 0 7 11 4 1 5 3 
6 15 8 7 0 11 11 6 2 8 
12 17 9 11 11 0 13 10 13 8 
8 4 7 4 11 13 0 5 9 5 
5 9 2 1 6 10 5 0 4 2 
4 13 6 5 2 13 9 4 0 6 
7 9 4 3 8 8 5 2 6 0 
