0 42 36 47 30 67 69 33 47 55 49 65 40 36 41 35 59 31 3 52 
42 0 42 54 66 66 73 30 32 55 39 38 30 73 39 56 53 67 39 48 
36 42 0 64 41 31 75 63 67 43 41 32 46 72 41 65 67 61 33 42 
47 54 64 0 61 33 80 44 34 36 47 49 24 45 39 50 66 37 44 23 
30 66 41 61 0 72 39 57 60 25 70 50 50 40 48 56 63 55 27 42 
67 66 31 33 72 0 61 64 36 69 27 48 57 65 44 39 83 70 64 45 
69 73 75 80 39 61 0 71 79 44 34 51 69 42 87 60 65 82 66 73 
33 30 63 44 57 64 71 0 62 76 37 59 56 43 28 30 66 46 30 28 
47 32 67 34 60 36 79 62 0 35 63 46 58 53 41 50 76 47 44 39 
55 55 43 36 25 69 44 76 35 0 45 25 25 33 51 51 56 40 52 54 
49 39 41 47 70 27 34 37 63 45 0 38 69 38 65 66 61 50 52 65 
65 38 32 49 50 48 51 59 46 25 38 0 50 52 46 65 35 65 62 31 
40 30 46 24 50 57 69 56 58 25 69 50 0 58 60 26 42 61 37 29 
36 73 72 45 40 65 42 43 53 33 38 52 58 0 65 44 23 40 39 31 
41 39 41 39 48 44 87 28 41 51 65 46 60 65 0 38 42 32 44 48 
35 56 65 50 56 39 60 30 50 51 66 65 26 44 38 0 67 60 32 34 
59 53 67 66 63 83 65 66 76 56 61 35 42 23 42 67 0 63 62 54 
31 67 61 37 55 70 82 46 47 40 50 65 61 40 32 60 63 0 28 60 
3 39 33 44 27 64 66 30 44 52 52 62 37 39 44 32 62 28 0 55 
52 48 42 23 42 45 73 28 39 54 65 31 29 31 48 34 54 60 55 0 
